31111111111111111111111111111111111111111111111111111111111111111113
3@111111111111111111111111111111111111111111111111111111111111111113
32333332111123333312333332111123333311111111111111111111111111111113
32111112333321111122111112333321111121111111111111111111111111111113
32111112111121133322111112111121133321111111111111111111111111111113
32333333333321111122333333333321111121111111111111111111111111111113
32131111311321111122131111311321111121111111111111111111111111111113
33233333333333323233233333333333323231111111111111111111111111111113
31231113111131323211231113111131323211111111111111111111111111111113
31232313333331323211232313333331323211111111111111111111111111111113
31232311111111323211232311111111323211111111111111111111111111111113
31232311233211323211232311233211323211111111111111111111111111111113
31212111211211121251212111211211121251111111111111111111111111111113
33333333333333333333333333333333333333333333333333333333333333333333